4.087167514564305861e+02
3.043775477729972181e+02
2.855604164705698054e+02
2.769730431776247883e+02
2.718693071966545745e+02
2.686236854233972053e+02
2.663338698797205097e+02
2.640118704562453331e+02
2.627165758706448742e+02
2.619127267322819534e+02
2.603060507687251288e+02
2.592919032480729129e+02
2.586232313009599011e+02
2.575666489198983413e+02
2.569894806671241554e+02
2.565209658726893736e+02
2.556420321374965567e+02
2.551410391439750924e+02
2.545186858668292018e+02
2.543951600409956484e+02
2.539041640035444232e+02
2.533447053555704542e+02
2.525604833332827184e+02
2.527935331927508287e+02
2.522217770875589054e+02
2.518834100578220045e+02
2.517610467069892479e+02
2.514345124481039022e+02
2.509996265935718611e+02
2.509519808062896686e+02
2.505872293040609975e+02
2.502274615251581054e+02
2.502211526771147021e+02
2.499664345860002470e+02
2.497506275258544122e+02
2.497318295675140121e+02
2.495390904754350174e+02
2.491288334411233620e+02
2.490302600586317112e+02
2.486624326502076769e+02
2.485779152237731182e+02
2.485183748002341986e+02
2.483188517047018706e+02
2.481507338736245458e+02
2.481254059521857585e+02
2.480440391701635292e+02
2.477083881139477342e+02
2.476592824644090456e+02
2.476715497480091699e+02
2.475502649616864517e+02
2.472733317500091061e+02
2.469511207949236393e+02
2.472149646026140886e+02
2.470634618236049107e+02
2.469092552006159735e+02
2.470175438396732090e+02
2.466488509955902373e+02
2.465866991940797561e+02
2.466524537540282154e+02
2.464835555680382697e+02
2.460688913352502709e+02
2.462603955388084671e+02
2.460569921919280034e+02
2.460705616063042385e+02
2.460018265159934003e+02
2.460395109925589452e+02
2.458900312217873534e+02
2.457624558845260196e+02
2.457205281559706691e+02
2.455782787462855481e+02
2.456623980327813399e+02
2.454643958583831420e+02
2.455725138931481979e+02
2.454466722105154588e+02
2.454442275939696287e+02
2.453734263382916652e+02
2.450923121986433557e+02
2.450837611092049713e+02
2.450262402463938542e+02
2.452341575696688096e+02
2.449811496964420314e+02
2.450986687899531660e+02
2.448907953354496669e+02
2.449530203095648631e+02
2.448793023024557840e+02
2.448275933085922418e+02
2.448280056181125701e+02
2.447237392108757490e+02
2.449090399526533588e+02
2.445371409560874554e+02
2.445350174481949921e+02
2.445318879632694120e+02
2.445596930786401515e+02
2.446196484526817017e+02
2.441540088181607473e+02
2.443330542589966683e+02
2.442918231330058063e+02
2.442707090015809115e+02
2.442743848851808366e+02
2.442383684182293564e+02
